780 20 1.5824215374319863
800 20 1.9120611840024917
820 20 1.693819755421964
880 20 1.8992679376352049
900 120 1.594747599175641
920 120 1.6908427402057713
940 40 1.8844429202299537
980 20 1.731476296862594
1000 120 1.8311800727298586
1020 300 1.9011506771293596
1040 300 1.7732919489950865
1280 440 1.9811885207427828
1300 460 1.6151333360791857
1320 120 1.52367329535198
1340 500 1.535860983298956
1360 600 1.4804221068098036
1380 560 1.9926427135249096
1440 460 1.4166299855652016
1460 480 1.3427886270621652
1480 660 1.3142513716096005
1500 660 1.4522515816959507
1520 760 1.7877865529551014
1540 720 1.5313477014433565
1560 740 1.8514696441689833
1580 600 1.4114465464678883
1600 820 1.3581808794636614
1620 180 1.196369973086884
1640 200 1.5499099077729783
1660 500 1.6169852399722284
1680 700 1.6913374775687866
1700 720 1.7766773318830447
1720 740 1.9681716808751841
1740 460 1.6881878141214839
1760 860 1.348866473064255
1780 860 1.7466301723675879
1800 20 1.6682350033799647
1820 400 1.200489949103207
1840 1060 1.3400960551288355
1860 400 1.250085266233122
1880 820 1.261133258487449
1900 1080 1.4488173156647144
1920 1020 1.6604652542919032
1940 1160 1.6786761832909918
1960 1140 1.675876004684077
1980 1020 1.507198327197272
2000 1020 1.6456588538766106
2020 1040 1.532480499929334
2040 1160 1.6306736144298721
2060 860 1.4899433897572973
2080 1200 1.5056801202113854
2100 1160 1.5782414694279399
2120 420 1.8769851093516938
2140 440 1.7765085356010504
2160 1020 1.4341452189780766
2180 400 1.4619721229707
2200 1020 1.3983987386332666
2220 860 1.234240837853172
2240 1020 1.8128054552698016
2260 1400 1.8753260656821122
2280 1160 1.8261368566661806
2300 700 1.62660800539294
2320 1220 1.7433736702434912
2340 440 1.7863998567142765
2380 1120 1.688003270224586
2400 460 1.7411466845879924
2420 1060 1.4063561301735898
2440 760 1.3917871255538385
2460 860 1.5908473177159577
2480 880 1.144562209961852
2500 380 1.1041086489078848
2520 1020 1.2810101500571023
2540 860 1.5393370304700815
2560 720 1.361686536954494
2580 1160 1.655340294610925
2600 880 1.3581040083078904
2620 1200 1.7118401634849594
2640 220 1.4153207258386808
2660 340 1.0474021744789621
2680 400 1.287667770282839
2700 1040 1.4041976297899526
2720 1220 1.4736894404426708
2740 440 1.2488726582651044
2760 460 1.2951881320306884
2780 1740 1.3554234465838542
2800 620 1.7889571253318113
2820 80 1.0890138976379342
2840 2000 1.2715085937409216
2860 1220 1.4886732262170004
2880 440 1.824286089961957
2900 1160 1.4165780816358673
2920 1220 1.5232517451366243
2940 1160 1.658699505796698
2960 1180 1.4849454585448665
2980 600 1.47013592512131
3000 1080 1.5868379554498426
3060 20 1.1729353848145867
3080 40 0.43127744347787733
3100 860 1.7123669032392483
3120 100 1.7540838673567989