760 20 1.82276047407827
780 20 1.9370139431881206
840 80 1.5256547622193843
860 80 1.7255998634410525
880 120 1.7033669989814035
920 200 1.768485203370362
940 80 1.404094457717758
960 200 1.787348889714547
980 120 1.4051929238214897
1000 200 1.530382804871586
1020 200 1.3943668499499935
1040 120 1.427393034888002
1060 60 1.5850832181984134
1080 80 1.5751657223632527
1100 300 1.5445982346420812
1120 120 1.562149197262387
1140 80 1.4160154326794148
1160 80 1.5098835899172955
1260 500 1.6232267147814288
1280 80 1.6404295748786655
1300 140 1.5979135925206858
1320 560 1.1486895113400282
1340 580 0.75740172886171
1360 600 1.322115245828083
1380 620 1.385943564325428
1400 680 1.2204314544493151
1420 80 1.6521622319262164
1440 620 1.6205875084476096
1460 260 1.6335416842771826
1480 660 1.339563835702192
1500 760 1.1154518440412666
1520 780 1.210123726879823
1540 800 1.5307194897102414
1580 20 1.9754040788018932
1600 460 1.4204310981066035
1620 340 1.6912681705110275
1640 120 1.662208704526919
1660 600 1.504744831387132
1680 120 1.6334412828741436
1700 840 1.4648477613274795
1720 220 1.4737069493978683
1740 140 1.5102193061030675
1760 700 1.4040009021957742
1780 680 1.2560693598829171
1800 400 1.3160410347375786
1820 780 1.749104069943281
1840 420 1.8010097005130308
1860 720 1.6789851550380681
1880 80 1.555542910210757
1900 660 1.491861271530846
1920 500 1.7406656422390776
1940 460 1.6256115863361509
1960 560 1.6775490586370034
1980 1180 1.7714850176276293
2000 80 1.7169963181362382
2020 20 1.765572272524103
2040 80 1.495222566647206
2180 80 1.8991076594963692
2200 300 1.5989213357510075
2220 1180 1.8625213283481648
2240 1360 1.6517709650033319
2260 1220 1.773537105953649
2280 80 1.9019850919029238
2420 120 1.600423998485511
2460 100 1.9960513827610689
2480 140 1.774366436156431
2500 860 1.654936814784881
2520 120 1.7394005645354158
2540 1580 1.711606115912299
2560 120 1.5039763317225985
2580 120 1.9177212336791523
